1.49457973195E12   1
1.49457973195E12   2
1.49457973195E12   3
1.49457973195E12   4
1.49457973195E12   5
1.49457973195E12   6
1.49457973195E12   7
1.49457973195E12   8
1.49457973195E12   9
1.49457973195E12   10
1.49457973195E12   11
1.49457973195E12   11
1.49457973195E12   11
1.49457973195E12   5
1.49457973195E12   5
1.49457973195E12   5
1.49457973195E12   5
1.49457973195E12   5
1.49457973195E12   5
1.49457973195E12   5
1.49457973195E12   5
1.49457973195E12   5
1.49457973195E12   5
1.49457973195E12   5
1.49457973195E12   6
1.49457973195E12   6
1.49457973195E12   6
1.49457973195E12   6
1.494579731965E12   6
1.494579731965E12   6
1.494579731965E12   6
1.494579731965E12   6
1.494579731965E12   3
1.494579731965E12   3
1.494579731965E12   3
1.494579731965E12   3
1.494579731965E12   3
1.494579731965E12   2
1.494579731965E12   2
1.494579731965E12   3
1.494579731965E12   3
1.494579731965E12   4
1.494579731965E12   4
1.494579731965E12   4
1.494579731965E12   4
1.494579731965E12   5
1.494579731965E12   5
1.494579731965E12   5
1.494579731965E12   5
1.494579731981E12   5
1.494579731981E12   6
1.494579731981E12   6
1.494579731981E12   6
1.494579731981E12   6
1.494579731981E12   6
1.494579731981E12   7
1.494579731981E12   7
1.494579731981E12   7
1.494579731981E12   7
1.494579731981E12   7
1.494579731981E12   7
1.494579731981E12   8
1.494579731981E12   8
1.494579731981E12   8
1.494579731981E12   8
1.494579731981E12   8
1.494579731981E12   8
1.494579731981E12   8
1.494579731981E12   4
1.494579731981E12   4
1.494579731981E12   4
1.494579731996E12   4
1.494579731996E12   4
1.494579731996E12   4
1.494579731996E12   5
1.494579731996E12   5
1.494579731996E12   5
1.494579731996E12   2
1.494579731996E12   2
1.494579731996E12   2
1.494579731996E12   2
1.494579731996E12   2
1.494579731996E12   2
1.494579731996E12   2
1.494579731996E12   2
1.494579731996E12   3
1.494579731996E12   3
1.494579731996E12   3
1.494579731996E12   4
1.494579731996E12   4
1.494579731996E12   4
1.494579731996E12   4
1.494579731996E12   5
1.494579732014E12   5
1.494579732014E12   5
1.494579732014E12   5
1.494579732014E12   5
1.494579732014E12   2
1.494579732015E12   2
1.494579732015E12   3
1.494579732018E12   3
1.494579732018E12   4
1.494579732018E12   4
1.494579732018E12   4
1.494579732018E12   4
1.494579732018E12   4
1.494579732018E12   2
1.494579732018E12   2
1.494579732018E12   3
1.494579732018E12   3
1.494579732018E12   3
1.494579732018E12   4
1.494579732018E12   4
1.494579732018E12   4
1.494579732018E12   4
1.494579732018E12   5
1.494579732018E12   5
1.494579732018E12   5
1.494579732018E12   5
1.494579732018E12   5
1.494579732018E12   6
1.494579732018E12   6
1.494579732018E12   6
1.494579732034E12   6
1.494579732034E12   6
1.494579732034E12   6
1.494579732034E12   3
1.494579732034E12   3
1.494579732034E12   3
1.494579732034E12   4
1.494579732034E12   4
1.494579732034E12   4
1.494579732034E12   4
1.494579732034E12   5
1.494579732034E12   5
1.494579732034E12   5
1.494579732034E12   5
1.494579732034E12   5
1.494579732034E12   6
1.494579732034E12   6
1.494579732034E12   6
1.494579732034E12   6
1.494579732034E12   6
1.494579732034E12   3
1.494579732034E12   3
1.49457973205E12   3
1.49457973205E12   3
1.49457973205E12   3
1.49457973205E12   2
1.49457973205E12   2
1.49457973205E12   2
1.49457973205E12   2
1.49457973205E12   3
1.49457973205E12   3
1.49457973205E12   3
1.49457973205E12   4
1.49457973205E12   4
1.49457973205E12   4
1.49457973205E12   4
1.49457973205E12   2
1.49457973205E12   2
1.49457973205E12   3
1.49457973205E12   3
1.494579732065E12   3
1.494579732065E12   4
1.494579732065E12   4
1.494579732065E12   4
1.494579732065E12   4
1.494579732065E12   5
1.494579732065E12   5
1.494579732065E12   5
1.494579732065E12   5
1.494579732065E12   5
1.494579732065E12   6
1.494579732065E12   6
1.494579732065E12   6
1.494579732065E12   6
1.494579732065E12   6
1.494579732065E12   6
1.494579732065E12   6
1.494579732065E12   6
1.494579732065E12   3
1.494579732065E12   3
1.494579732065E12   3
1.494579732065E12   4
1.494579732081E12   4
1.494579732081E12   4
1.494579732081E12   4
1.494579732081E12   4
1.494579732081E12   2
1.494579732081E12   2
1.494579732081E12   2
1.494579732081E12   2
1.494579732081E12   2
1.494579732081E12   2
1.494579732081E12   3
1.494579732081E12   3
1.494579732081E12   3
1.494579732081E12   4
1.494579732081E12   4
1.494579732081E12   4
1.494579732081E12   4
1.494579732096E12   5
1.494579732096E12   5
1.494579732096E12   5
1.494579732096E12   5
1.494579732096E12   5
1.494579732096E12   5
1.494579732096E12   2
1.494579732096E12   2
1.494579732096E12   2
1.494579732096E12   2
1.494579732096E12   2
1.494579732096E12   3
1.494579732096E12   3
1.494579732096E12   3
1.494579732096E12   3
1.494579732096E12   2
1.494579732096E12   2
1.494579732096E12   2
1.494579732096E12   2
1.494579732096E12   3
1.494579732116E12   4
1.494579732116E12   4
1.494579732116E12   4
1.494579732117E12   4
1.494579732117E12   5
1.494579732117E12   5
1.494579732117E12   5
1.494579732119E12   5
1.494579732119E12   6
1.494579732119E12   6
1.494579732119E12   6
1.494579732119E12   6
1.494579732119E12   6
1.494579732119E12   6
1.494579732119E12   7
1.494579732119E12   7
1.494579732119E12   7
1.494579732119E12   7
1.494579732119E12   7
1.494579732119E12   7
1.494579732119E12   8
1.494579732119E12   8
1.494579732119E12   8
1.494579732119E12   4
1.494579732119E12   4
1.494579732119E12   4
1.494579732119E12   4
1.494579732119E12   4
1.494579732134E12   2
1.494579732134E12   2
1.494579732134E12   3
1.494579732134E12   3
1.494579732134E12   3
1.494579732134E12   4
1.494579732134E12   4
1.494579732134E12   4
1.494579732134E12   4
1.494579732134E12   5
1.494579732134E12   5
1.494579732134E12   5
1.494579732134E12   5
1.494579732134E12   5
1.494579732134E12   6
1.494579732134E12   6
1.494579732134E12   6
1.494579732134E12   6
1.494579732134E12   7
1.49457973215E12   7
1.49457973215E12   7
1.49457973215E12   7
1.49457973215E12   7
1.49457973215E12   7
1.49457973215E12   7
1.49457973215E12   8
1.49457973215E12   8
1.49457973215E12   8
1.49457973215E12   8
1.49457973215E12   4
1.49457973215E12   4
1.49457973215E12   4
1.49457973215E12   4
1.49457973215E12   4
1.49457973215E12   4
1.494579732165E12   5
1.494579732165E12   5
1.494579732165E12   5
1.494579732165E12   5
1.494579732165E12   6
1.494579732165E12   6
1.494579732165E12   6
1.494579732165E12   6
1.494579732165E12   3
1.494579732165E12   3
1.494579732181E12   3
1.494579732181E12   3
1.494579732181E12   4
1.494579732181E12   4
1.494579732181E12   4
1.494579732181E12   2
1.494579732181E12   3
1.494579732181E12   3
1.494579732181E12   4
1.494579732181E12   4
1.494579732181E12   4
1.494579732181E12   2
1.494579732181E12   2
1.494579732181E12   3
1.494579732181E12   3
1.494579732181E12   4
1.494579732181E12   4
1.494579732181E12   4
1.494579732181E12   4
1.494579732181E12   4
1.494579732181E12   2
1.494579732181E12   2
1.494579732181E12   2
1.494579732181E12   2
1.494579732181E12   3
1.494579732181E12   3
1.494579732181E12   3
1.494579732197E12   4
1.494579732197E12   4
1.494579732197E12   4
1.494579732197E12   4
1.494579732197E12   5
1.494579732197E12   5
1.494579732197E12   5
1.494579732197E12   5
1.494579732197E12   6
1.494579732197E12   6
1.494579732197E12   6
1.494579732197E12   6
1.494579732197E12   7
1.494579732197E12   7
1.494579732197E12   7
1.494579732197E12   7
1.494579732197E12   7
1.494579732197E12   7
1.494579732197E12   8
1.494579732213E12   8
1.494579732213E12   8
1.494579732213E12   8
1.494579732213E12   8
1.494579732214E12   4
1.494579732214E12   4
1.494579732214E12   4
1.494579732214E12   4
1.494579732214E12   4
1.494579732214E12   4
1.494579732218E12   4
1.494579732218E12   5
1.494579732218E12   5
1.494579732218E12   5
1.494579732218E12   5
1.494579732218E12   5
1.494579732218E12   6
1.494579732218E12   6
1.494579732218E12   6
1.494579732218E12   6
1.494579732218E12   6
1.494579732218E12   6
1.494579732218E12   6
